kl_loss: 20.070769799804687
log_p: -22.838438391113282
log_q: -2.755502788925171
loss: 100.05267307128906
recon_loss: 79.98190336914062
