kl_loss: 20.66558521118164
log_p: -22.661358612060546
log_q: -1.975762916946411
loss: 95.97541508789062
recon_loss: 75.30982944335938
