kl_loss: 8.68262546081543
log_p: -22.74423727722168
log_q: -14.063870426940918
loss: 142.57662016601563
recon_loss: 107.84611899414062
