kl_loss: 22.128577844238283
log_p: -22.64002188720703
log_q: -0.489204146194458
loss: 96.04387396240234
recon_loss: 73.91529575195312
