kl_loss: 19.758105459594727
log_p: -25.378860266113282
log_q: -5.620754922485352
loss: 95.74607839355468
recon_loss: 75.98797279052734
